0000000000000000010101010101010101010101010101010000000000000000
0000000001010101011010101010101010101010101010010101010100000000
0001010101010101010101011010101010101010101001101010010101010000
0101010101010101011001101010100101101010100101010101010101011001
1001010101101010101010101010101010101010101001010110101001010100
0000010110101010101010101010101010101010101010101010010101010000
0000000001010110101010101010101010101010101010010110010100000000
0000000000000000000001011010101010101001010100000000000000000000
0000000000000000100110010101100101010101010110010000000000000000
0000000001010101011010101010101010101010101010100101011000000000
0001010110010110101001101010101010101010101010101010101001010000
0101010101010101101001100101011001100101101001010101010101010110
1001010110101010011010101010101010101010100101010101010101010100
0000010101011010101010101010101010101010101010101010010101010000
0000000001010101011010101010101010101010101001010101010100000000
0000000000000000000001010110010101010101010100000000000000000000
0000000000000000100101010101100101010110010101010000000000000000
0000000001010101011010101010101010101010101010010101010100000000
0001010101010101010110101010101010101010101010101010011001010000
1001010101011001010110101010101001101010100101010101010101011010
0101011010100101101010101010101010101010101010100101100101010100
0000010110101010101010101010101010101010101010101010100101010000
0000000010010110101010101010101010101010101010101010010100000000
0000000000000000000001011010101010100101010100000000000000000000
0000000000000000010101010101100101100101010101010000000000000000
0000000001010101011010101010101010101010101010010101010100000000
0010010101010110011010101010101010101010100101101010010101010000
0101010101010101010101100101010101011001101001010110010101010110
1001011010101010011010101010101010101010101010010101010110100100
0000010101101010101010101010101010101010011010101001010101010000
0000000001010101101010101010101010101010101001010101100100000000
0000000000000000000001011001010110011001010100000000000000000000
0000000000000000010101011001011010010101010101010000000000000000
0000000001010101011010101010101010101010101010010101010100000000
0010010101010101011010011010101010101010101001101010010101010000
0101010101010101011001101010100101101010100101100110011001011010
1001010110101010101010101010101010101010101010011010101001010100
0000010110101010101010101010101010101010101010101010010101010000
0000000001010110101010101010101010101010101010010110010100000000
0000000000000000000001101010101010101001010100000000000000000000
0000000000000000010010100101101010101010101010010000000000000000
0000000110011010010101101001101001010101101010100110010101000000
0001101010101010100101010101100110101010101010101010101010101000
0110010110011010100110100101010110011001010110010110011010101010
1010100110100110101010101001100101101010010110011001101010100110
0001100110100110101010101010010110010101101001101010101010100100
0000000110100110101001010110101010100110100110011010011001000000
0000000000000000000000011010101010011001011001000000000000000000
0000000000000000010101101010010110010110101010010000000000000000
0000000110100110010110101010100101011010010110101010101001000000
0010100110101010100101010101101001100101010110100101011010100100
0110011010010101011001101001101010101010101010101010011010101010
1001010101010101101001101010011010101010100110011010011010101001
0001100101010101011001010101101010100101010110101001011010100100
0000000110101010101001010101101010101001011010101010101001000000
0000000000000000000001010110100101011010010101000000000000000000
0000000000000000010101010101101001011010011010010000000000000000
0000000110010101101001011010010110010110101001011001101001000000
0001010101010110100110010101010110011001010110101010101010101000
1001011010010110010101101001100101011010010110101010100101011010
1010101010100101010110100101010110101010100101101010101010101001
0001010101101001100101101001011010101010010110101010101010100100
0000000110100110011001010101011010100101010110101010101001000000
0000000000000000000001100101100110101010101001000000000000000000
0000000000000000010101101010100101010110100101010000000000000000
0000000010101010011010010110100101010101010101010101010101000000
0010101001010110100110101010011010100110101001010101010101101000
1001100101101001101001011010010110010110101001010101010101010110
1001100101101010010101101010100110101010100110011010011010010101
0001101010010110010110101010100101100101010101101001010101010100
0000000110010101101001011010010110011001011010101010101001000000
0000000000000000000001101001010110010101010101000000000000000000
0000000000000000010101101001010101101001011001010000000000000000
0000000110010101010101101001010110010110101001101001101001000000
0010101001010110010101101001101010101010101001101010010110101000
1001101010100101101001100101011010101001011010101010011010100101
1010010101010110101001101001101010101001011010101010100101100110
0001101010100101100110010110011010010101010101101010011001010100
0000000110010101011010010101010110101010101001101010101001000000
0000000000000000000001101010101001011001011001000000000000000000
0000000000000000010110100110101010010110101001010000000000000000
0000000001100110010101010110100110011010100110010110011001000000
0010010101011001010101010101010101010101101001010110010101010100
1010010101010101010101010101010110010101010110010110100101010101
1010010101011010100110100110100101101010101001010101010110011001
0001100101011010101010010110101010010101101001010110010101010100
0000000110011001100110010101010101011010011001100110011001000000
0000000000000000000001101010101001100101101001000000000000000000
0000000000000001001001010101010101010101101010010100000000000000
0000000001010101010101010101011001011010010101100110101001000000
0001101010101001011001010101010110010110101001100101010101010100
0110101010100101011010101001010101010101011010011001010110011001
0001101010101010101010101010101010011010011001010110100101011001
0000010101101010101010101010101010101010101010101010101001010100
0000000001101010101010101010101010101010101010101001010101000000
0000000000000000000101010101101001100110101001000000000000000000
0000000000000000101010101010101010101010101010100000000000000000
0000000010101001010101010101010101010101011010101010101000000000
0001100101010101101010010101010101101010010101010110101010100100
1001011001010101010101011010010101011010010101010110010110101010
0110101001010101010101011010011010100101100101011010101010101001
0001101001010101010101100110100101010101010101010101011010100100
0000000010101001010101011001010101010101010101011010100100000000
0000000000000000000110101010101010101010101001000000000000000000
0000000000000000011010101010101010101010101010010000000000000000
0000000101010101010101010101100110101010101010101010101001000000
0000010101011001010101010101010101010101011001101010101010100100
1001010101010101010101010101010101010101010101010101100110010110
1001010101010101010101011001010101010101010101100101010110101010
0001100101010101010101010110011001010101010101101010101010100100
0000000001010101011001100110101010101010101010101010101000000000
0000000000000000010110101010101010101010101001010000000000000000
0000000000000010101010101010101010101010100101010000000000000000
0000000101101010101010101010101010101001011001010101011010000000
0001011010101010101010101010101010100101101001010101101010101000
0110101001101010101010101010101010011001011010100110101010100101
0110010110011010100110101010101010010101100101011001100110101001
0010010101100110101010100101100110010110100101011010100110100000
0000000010010101101010010110010110100110011001101001011000000000
0000000000000000000101010110100101101001010100000000000000000000
0000000000000001010110010101100110010101011001010000000000000000
0000001010010110010101011001010110101001010101100101101001000000
0001010110100110010101011001011001011010011001100110011001010100
1001010110010110101010010110101001011010101010100101011010100101
1001101010011010101001101001100110011010101001100101011010101001
0010010101101010100101011010101010100110010101101001011001100000
0000000001011001010101101001011010011010101001011001010100000000
0000000000000000000101100110100101101001101000000000000000000000
0000000000000101011010101010101010101001101010010000000000000000
0000000110100110101010101010101010101010100101101001010101000000
0110101010101010101010101010101010100101010101010101010110101010
1010101001101010101010100101101001101010010101101010010110101010
1010101001101010100110010101101010101010010110101010100110101010
0010100101010101011001100101100110101010010101101001101001010100
0000000010011001011001101010010110101010101010010101101000000000
0000000000000000011001010110101010011010010101000000000000000000
0000000000000000001010010101010110101001101010010100000000000000
0000000110100110010101011010011010011001101001011010101001000000
0001010110100110100110101010101010101010101001010101101001011000
0101011010100110011010011001010101100101011001010101011010100101
0101010110101010101010101010100101010110011010100110101010100110
0000011010010101010101011010101001010110011010011010101010100100
0000000000010110100101011010100101011001100101101001100100000000
0000000000000000000110010110101010100101011001000000000000000000
0000000000000001100110101001101010101001010110100100000000000000
0000001001011010101010010101011001011001010110100110101001000000
0001011001100110101001010101101010100110011001010110010110011000
0101101001101010011010011001011001011001101010010110101010011001
1010101001101010011001101010010110010101101001011010010110100101
0001101001011001011010100101100101011001100110010110100101100000
0000000001011001100110100101101010011010100101101010010100000000
0000000000000000000101101001101010101010101000000000000000000000
0000000000000001101001100110100101100101101001010100000000000000
0000000110101010101001011001100101101001101010100101101010000000
0010011010100110010110100101011010010101100110101010011001100100
1010101001011010010110101010010101010110101010101001010101100101
0101010101100110010110011001101001100110101010010101011001011001
0001010110101001011001100101010110010101011001011010010101100000
0000000010011001010101010110011010010110100101011001011000000000
0000000000000000000101101010011001101010100100000000000000000000
0000000000000001101010100101101001101010100101100100000000000000
0000000101100110101010011001010110010101011001011001010110000000
0001101001010101010110100110011001011001011001100110100110010100
0110011001101001010110010101100101011001101001011001100110011001
1010011010100101101001011010101001010101011010101001101010010101
0001011010011001100110010101101001010101100110101001011001100000
0000000001100110010110100101100110010110101010011001011000000000
0000000000000000001010101010100101101001010100000000000000000000
0000000000000000100101010101011001010101010101010100000000000000
0000000001100101010101010101010101010101010101010101010101000000
0000010101010101010101100101010101010101010101010101010101010100
0101010110010101011001010101010101010101010101010101010101010101
0101010101010101010101010101010110010101010110010101100101010110
0000010101010101010101010101010101010101010101010101010101010100
0000000001010101010101010101010101010101010101010101010100000000
0000000000000000010101010101010101010101010101010100000000000000
0000000000000000010101010101010101010101010101010100000000000000
0000000000010101010101100101010101010101010101010101010101000000
0000011001010101010101010101010101010101010101010101010101010100
0101010101010101010101010101010101010101011001010101010101011001
0101010101010101011001010101010101010101010101010101010101010101
0000010101010101010101010101010101010101100101100101010110011000
0000000001010101010101010101010101010101100101010101010100000000
0000000000000000010101010101010110010101010101010100000000000000
0000000000000000010101010101010101010110010101010100000000000000
0000000000010101010101010101010101010101010101010101010101000000
0000010101010101010110010101010101010101010101010101010101010100
0101010101010101010101010101010101010101010101010101010101010101
0101010101010101010101010101010101010101010101010101010101010101
0000010101010101010101010101010101010101010101010101010101010100
0000000001010101010101010101010101010101010101010101010100000000
0000000000000000010101010101010101010101010101010100000000000000
0000000000000000010101010101010101010101010101010100000000000000
0000000001100101010101010101010101010101010101010101010101000000
0000010101010101010101010101010110010101010101010101010101010100
0101010101010101010101010101011010010101010101010101010101010101
0101010101010101010101010101010101010101010101010101010101010101
0000010101010101010101010101010101010101010101010101010101010100
0000000001010101010101010101010101010101010101010101010100000000
0000000000000000010101010101010101010101010101010100000000000000
0000000000000000010110010101010101010101010101010100000000000000
0000000000010101010101010101010101010101010101010101010101000000
0000010101010101010101010101010101010101010101010101010101010100
0101010101010101010101010101010101010101010101010101010101010110
0101010101010101010101010101010101010101010101010101010101010101
0000010101010101010101010101010101010101010101010101010101010100
0000000001010101010101010101010101010101010101010101011000000000
0000000000000000010101010101010101010101010101010100000000000000
0000000000000000010101011001100101010101010101010100000000000000
0000000000010101010101010101010101010101010101010101010101000000
0000010101010101010101010101010101010101010101010101010101010100
0110010101010101010101010101010101010101010101010101010101010101
1001010101010101010101010101010101010101010101010101010101010101
0000010101010110010101010101010101010101010101010101010101010100
0000000001010101010101010101010101010101010101010101010100000000
0000000000000000010101010101010101010101010101010100000000000000
0000000000000000010101011001100101010101010101000000000000000000
0000000001010101010101010101010101010101010101010101100100000000
0001010101010101010101010101010101010101010101010101010101010100
0101010101010101010101010101010101010101010101010101010101010101
1001010101010101100101010101010101010101010101010101010101010101
0001010101010101010101010101010101100101010101010101010101010000
0000000001100101010101010101010101010101010101010101010100000000
0000000000000000000001010110010101010101010100000000000000000000
0000000000000000010101010101010101101001010101010000000000000000
0000000001010101010101010101010101010101010101010101010100000000
0001010101010101010101011001011010010101010101010101010101010100
0101010101010101010101010101010101010101010101010101100101010101
1001101001010101010101010101011010010101010101010101010101010110
0001010101010110010101010101010101010101010101010101010101010000
0000000001010101010101010101010101011001010101010101010100000000
0000000000000000000001010101010101010101010100000000000000000000
0000000000000000010101010101010101010101101001000000000000000000
0000000001010101010110010101010101010101010101011001010100000000
0001010101010101011010010110010101010101010101010101010101010100
0101010101011001010101010101010101010101010101010101010110100101
0101010110010101010101010101010101010101010101010101010101010101
0001010101010101010101010101010101010101010101010101010101010000
0000000001010101010101010101010101010101100101010101010100000000
0000000000000000000001010101010101010101011001000000000000000000
0000000000000000010101010101010101010101010101010000000000000000
0000000001010101011001010101010101010101010101010101011001000000
0001010101010101010101010101010101010101010101010101010101100100
0101010101010110010101010101010101010101010101010101010101010101
0110010101010101010101011001010101010101010101010101010101010110
0001100101010101100101010101010101010101011010010101010101010000
0000000001010101010101010101010101010101010101010101010100000000
0000000000000000000101100101010101010101010101000000000000000000
0000000000000000010101010101010101010101010101010000000000000000
0000000001010101010101010101010101010101010101010101101000000000
0010010101010101010101010101010101010101010101010101010101010100
1001010101010101010101010110010101010101010101010101010101011010
0101010101010101010101010101010101010101010101010101010101010110
0001010101010101010101010101010101010101010101010101010101010000
0000000001010101011001010101010101010101010101010101010100000000
0000000000000000000101010101010101010101010101000000000000000000
0000000000000000010101100101010101010101010101010000000000000000
0000000101010101010101010101010101010101010101100101011001000000
0001010101010101010101010101010101010101100101010101010101010100
0101010101010101010101011001010101010101010101010101010101010101
0101010101010101010101010101010101010101010101010101010101100101
0000010101100101010101010101010101010101010101010101010101010100
0000000001100101010101010101010101010101010101010101010100000000
0000000000000000000101010101010101010101010101000000000000000000
0000000000000000010101010101010101010110010101010000000000000000
0000000101010101010101010101010101011001010101010101010101000000
0001010101100101010101010101010101010101010101010101010101010100
0101010101011001010101010101010101010101010101010101010101010101
0101010101010101010101010101010101010101010101010101010101100101
0001010101010101010101010101010101010101010101100101100101010100
0000000001010110010101010101010101010101010101011001011000000000
0000000000000000000101010101010101010101010101000000000000000000
0000000000000000010101010101010101010101010101010000000000000000
0000000101010101010101010101010101010101010101010101100101000000
0010010101010101010101010101010101010101010101010101010101010100
1001010101010101010101010101010101011001010101010101010101010101
0101010101010101010101010101010101010101010101010101010101010101
0000010101010101010101010101010101100101010101010101010101010000
0000000001010110010101010101010101010101010101010101010100000000
0000000000000000000101010101010101010101010101000000000000000000
0000000000000000010101010101010101010101010101100000000000000000
0000000101010101010101010101010101010101010101010101010101000000
0010010101011001010101010101010101010101010101010101010101011000
0101010101010101010101010101010101010101010101010101100101010101
0101010101010101010101010101010101010101010101010101010101010101
0001100101100101010101010101010101010101010101010101010101010000
0000000001010101010101010101010101010101010101010101010100000000
0000000000000000000010010101011001010101011001000000000000000000
0000000000000000010101010101100101010101010101010000000000000000
0000000101010101010101010101010101010101010101010101010101000000
0001010101010110010101010101010101010101010101010110010101100100
0101010101010101010101010101010101011001010101010101010101010101
1001010110010101010101010101010101010101010101010101010101010101
0000100101010101010101010101010101010101010101010101010101010000
0000000001010101010101010101010101010101010101010101010100000000
0000000000000000000101010101010101010101010101000000000000000000
0000000000000000010101010110010101010101010101010000000000000000
0000000101010101010101010101010101010101010101010101010101000000
0001010101010101010101010101010101010101010101100101101001010100
1010010101010110010101010101010101010101010101010101010101011001
0101010101010101010101010101010101010101010101010101010101010101
0001100101010101010101010101010101010110010101010101010101010000
0000000001010101010101010101010101010110011001010110010100000000
0000000000000000000101010110010101011001010101000000000000000000
0000000000000000010110010101010101010101100101010000000000000000
0000000101010101010101010101010101010101010101010101010101000000
0001010101010101010101010101010101010101010101010101010101010100
0101010101010101010101010101010101010101010101010101010101010101
1001100101010101010101010101010101010101010101010101010101010110
0000010101010101010101010101010101010101010101010101010101010100
0000000001010101010110010101010101011001010101010101010100000000
0000000000000000000101100101010101010110010101000000000000000000
0000000000000000010101010101010101010101010101100000000000000000
0000000101010101010101010101010101010101010101010101010101000000
0001010101010101010101010101010101010101010101010101010101011000
1001010101010101010101010101010101010101010101010101010101011001
0101010101010101010101010101010101010101010101010110010101010101
0001010101010101010101010101010101010101010101010101010101100100
0000000001010101010101010101010101010101010101010101010100000000
0000000000000000000101010101010101100101010101000000000000000000
0000000000000000010101010110010101010101010101010000000000000000
0000000101010101010101010101010101010101010101010101010101000000
0001010101010101010101010101010101010101010101010101010101010100
0101010101010101010101010101010101010101010101010101010101010110
0101010101010101010101010101010101010101010101010101010101010110
0000010101100101010101010101010101010101010101010101010101010100
0000000001010101010101010101010101010101010101010101010100000000
0000000000000000000101010101010101010101010101000000000000000000
0000000000000000010101010101010101010101010101010000000000000000
0000000101010101010101010101011001010101010101010101010101000000
0001010101010101010101010101010101010101010101010101010101010100
1001010101010101100101010101010101010101010101010101010101010110
0101010101010101010101010101010101010101010101010101010101010110
0000010101010101010101010101010101010101010101010101010101010100
0000000001010101010101010101010101010101010101010101010100000000
0000000000000000000101010101010101010101010101000000000000000000
