0000000000000001010101010110011001010101010101010100000000000000
0000000101010101011010100110011010100110101010010101010101000000
0001010101010101010101011010101010101010011001010101010101010100
0101010101010110011010101010101010101010101010010101100101010110
0001010110101010101010101010101010101010101001010110101001010100
0000010101101010101010101010101010101010101010100101010101010000
0000000000010110101010101010101010101010101010100101010000000000
0000000000000000000000000110101010101010000000000000000000000000
0000000000000001101001011010101010101010010101010100000000000000
0000000101010101101010101010101010101010101010100101100101000000
0001010101010101010101101010101010101010100101011001010101011000
0101010101101001101010101010011010101010101001010101010101010110
0010010110101010011010101010101010101010101001100101010101100100
0000010101010110101010101010101010101010101001100101010101010000
0000000000100101011010101010101010101010101001010101010000000000
0000000000000000000000000101100101101001000000000000000000000000
0000000000000001010101011001011001100101010101101000000000000000
0000000101010101011010100110101010101010101010101001011001000000
0001010101010101010101101010101010101010100101011001010101100100
0101010110010101101010101010101010101010101001010101010101010101
0010010110101010011010101010101010101010101010100110011001010100
0000011001011010101010101010101010101010101010101010010101010000
0000000000010110101010101010101010101010101010101001010000000000
0000000000000000000000000110101001100110000000000000000000000000
0000000000000001010101011010011010011001010101100100000000000000
0000000101010110011010101010101010101010101010101001010101000000
0001010101100101010101101010101010101010100101010110010101011000
1001010101100110011010101010011010101010101001010101010101010101
0001011010101010011010101010101010101010100110010101010101010100
0000010110011010101010101010101010100110010101010101100101010000
0000000000010101011010101010101010101010101001010101010000000000
0000000000000000000000000101010101010101000000000000000000000000
0000000000000001010101010110011001010101010101010100000000000000
0000000101010101011010100110101010100110101010010101010101000000
0001010101010101010101011010101010101010011001010101011001010100
1001010101010110011010101010101010101010101010010101100101010110
0001010110101010101010101010101010101010101010010110101001010100
0000011001101010101010101010101010101010101010100101010101010000
0000000000010110101010101010101010101010101010100101010000000000
0000000000000000000000000110101010101010000000000000000000000000
0000000000000101101010010110100110101010101010010101010100000000
0000000110011001100110101010011001011010010110010101100110100000
0010100101011010100101011010100101011010011010100110101010100100
1010010101011010011001010101010110010101011010010110011010011010
0110100101101010101001010110100110101010010110101001101010100110
0000011010100110100101101010011010101001011001010110101010010000
0000000001011010101010011010100110101010101010011010010101000000
0000000000000000000000000001101010101001000000000000000000000000
0000000000000101101001010101101001011010101010100101010100000000
0000000110011010100110010110010101011001011001101010101010010000
0001011010101010100101101001100101100101101010101001011010010100
0110101010010101101010101010010110101010101010011010101010101010
0101101001010110101001010101011010101010010101011010101010101010
0000011001011001010101010110100110010110101001011010011010010000
0000000101011010010110010101011010101010010110101010010100000000
0000000000000000000000000110101010101001000000000000000000000000
0000000000000101010101010101101010100101011010100101010000000000
0000000010101001100101010110100110010110101010011010101010010000
0001010101101010100101100101011010101010011010101010011010100100
1010010101101010010101010101101001101001010110101001101010101000
0110101010101010010101010101011010101010101010100101100101101010
0000011010010101010110010101100110101001011001100110100101010000
0000000101011010101001011001010110010110101010100110010100000000
0000000000000000000000000110101010101001000000000000000000000000
0000000000000101101001010101010110010101010110010100010100000000
0000000110100110011010010101100101011010010101010101010101010000
0001100101011010101001101001100110100101101010101001010110100100
1001010101100110100101101001100110011010010110011001101010010101
0101011010011010010110101010101010101010101010010110011010011010
0000011010010101100101010101100110011010101001100110010101010000
0000000101011001101001101010010101101001011001100110010101000000
0000000000000000000000000110100101011001000000000000000000000000
0000000000000101100101101010010101010101101001010100010100000000
0000000110010101010101101001010101010101011001100110010101010000
0010011010010101010101101001101010101001100101101010101010100100
0101010101010101011010010101101001011001011010101010101010100101
0101101001011010101010010101101010010101011010011010100101101010
0000101001010110100101010110101001100110100101101001010101010000
0000000101011001010101101001010110011010100101100110010101000000
0000000000000000000000000110100110101001000000000000000000000000
0000000000000100010110010110101010100101100110100101010100000000
0000000101011001010101010110011001101010101010101010010110100000
0001010101100101100101011010101010010110100101100110100101100100
1001010110100110100101010101101001100101010101100110100101010101
0101010101101010101001010101010101010110101010100101011001101010
0000010101101010010101010101011010010101010110101001010110100000
0000000101011010101010101010011010011010010110100110010101000000
0000000000000000000000000001101010101001000000000000000000000000
0000000000000101011010010101010101010110010110100100000000000000
0000000101010101010101010101010101011010010101100101010101010000
0001101010101010011010010101100101100110100101100110100101010101
1010010101101001101010101010101010101010100101010110010101010101
0001101010101010101010101010101010011010010110010110010101010101
0000101010101010101010101010101010101010101010100110100101010000
0000000000011010101010101010101010101010101010101001010100000000
0000000000000000000000000001011010010110010000000000000000000000
0000000000000110101010101010101010101010101010101001000000000000
0000011010010101010101010101011001010101010110100110101010010000
0001101001010101101001010110010110010101010101010110101010100100
0101010101010101100101010110010101011010101010010101011010101010
0001100101010101010101101010101010010110010101011010101010100100
0000011010010101100101010110101001010101100110100110101010010000
0000000000011010101010100101010101010101011010101010010000000000
0000000000000000000000001010101010101010000000000000000000000000
0000000000000110101010101010101010101010101010101001000000000000
0000000101100101010101010101100110101010101010101010101010000000
0001011001010101010101010110010101010101010101101010101010101000
1001011001010101010101010101010101010101011001010101101010101010
0001011001011001011001100101010101011001011010010101101010101000
0000010101011001010101010101010101010101011010101010101010010000
0000000000010101010101101010101010101010101010101010100000000000
0000000000000000000000001010101010101010000000000000000000000000
0000000000011010101010101010101010101001010101010101000000000000
0000010101101010101010101010101010101001100101010101101010010000
0001011010101010101010101010101010100101010101010101101010101000
0110100110011010011010101001101010100101011010011001101010101010
1010101010100110101001100101011010101001010101010110101010011000
0000101010011010101010101001101010010101010110010101100101100000
0000000000101001101001100110100110101001100101011010100000000000
0000000000000000000000001010101010011001000000000000000000000000
0000000000010101010101010101011001010110010110101001000000000000
0000011001010110100101011001101001101001101010100101010101010000
0001010101101001010101101010010110011010100110101001010110010100
1001010101100110011010101010101010101001100101101010101010100101
0110010110010110100110101001101010101010101001101010100110100100
0000100110011010101001101010011010101010101001010110011010010000
0000000000101010100110011001010101101010101001100101010000000000
0000000000000000000000000101010101101001000000000000000000000000
0000000000001010101010101010101010101010101010010101000000000000
0000011010100110101010101010101010101010010101101010010101010000
1010101010101010101010101010101001101001010101010101010101101010
1001101010101010101001101010100110101010100101011010100110101001
0110101010101010011010101010101010101010010110010110010101101010
0010100110011001011001011010101010101010101010101001100101010100
0000000000101010101010101001011010101010010101101010100000000000
0000000000000000000000000110101010101001000000000000000000000000
0000000000000001011001010101011010011001101010101001000000000000
0000000101100110100101011001011010101010011010101010100110010000
0001011010101001010110101010100101011001101010010101100101010100
1010101010011010100101101010100101100101010101011001010101011010
0010100101100101101010011010100101100101101010100101011010010100
0000000110100110100101011001011010010101011010100101100110010000
0000000000001001101001100110010101011001100101100110010000000000
0000000000000000000000000001101001011000000000000000000000000000
0000000000010110011010011010100101100110101001101010000000000000
0000011001100110101010010101010110010101101010101010011001000000
0001010101010110011010011001010110101001100101100101010101010100
0110010101101001101010010101101010100110010110101010011001011010
1010011001100110100110011010101010010110010101010101010110011000
0000101001100110010101101001010110011010100110010110101010010000
0000000000011001101010100110010101100110100110100101010000000000
0000000000000000000000001001100110011000000000000000000000000000
0000000000010110010110101010010101010101100110100110000000000000
0000010101101001010101010101101001100110101001101010011010000000
0010011001100101101001010110101001101010101010101010100101101000
0101010101010110100101100110011001011010011010011001010110100101
1001010101100101100101100101010101100110011001100101010101010100
0000010110011001010101100101100101010101010101011010100110010000
0000000000100110100110101001100110011010011010010110100000000000
0000000000000000000000000101100101010100000000000000000000000000
0000000000010101100110011010010110010101011001101010000000000000
0000010101100110011001100110101001011001010110101010101001010000
0001011001010110011001100101100101100110100101011001011001100100
1001101010101001101010101001101010011001100101101010011010011010
1001100101101010100101100110010101100110011010100110011010101000
0000100101010110101001010110101001011001011010100110101010010000
0000000000011010100101011010100110101010010101011010100000000000
0000000000000000000000000101010101010100000000000000000000000000
0000000000000001010101010101100101010101010101011001000000000000
0000000001010101010101010101010101010101010101010101010110010000
0001010101010101010101010101010101011001010101010101010101010100
0101010101010101010101010101011010010101010101010101010101010101
0101010101010101010101010101010101010101010101010101010101010101
0000010101010101010101010101010101010101010101010101010101010100
0000000000010101010101010101010101010101010101010101010100000000
0000000000000000000001010101010110010101010100000000000000000000
0000000000000101010101010101010101010101010101010101000000000000
0000000101010101010101100101010101010101010101010101010110010000
0001010101010101010101010101010101010110010101010101010101010100
0101010101010101010101010101010101011001010101010101100101010101
0101010101010101010101010101010101010101010101010101010101010101
0000010101010101010101010101010101010101100101100101010101010100
0000000000010101010101010101010101010101010101010101010100000000
0000000000000000000001010101010101011001010100000000000000000000
0000000000000101010101010110010101010101010101010101000000000000
0000000101010101010101011001010101010101010101010101010101010000
0001010101010101010101010101010101010101010101010101010101010101
1001010101010101010101010101010101010101010101010101010101010101
0101010101010101010101010101010101010101010101010101010101010101
0000010101010101010101010101010101010101010101010101010101010100
0000000001010101010101010101010101010101010101010101010100000000
0000000000000000000001010101010101010101010100000000000000000000
0000000000000001010101010101100101010101010101010110000000000000
0000000101010101010101010101010101010101010101010101010110010000
0001010101010101010101011001010101010101010101010101010101010100
0101010101010101010101010101010101010101010101010101010101010101
0101010101010101010101010101010101010101010101010101010101010101
0000010101010101010101010101010101010101010101010101010101010100
0000000000011001010110010110100101010101010101010101010100000000
0000000000000000000010010101010101010101100100000000000000000000
0000000000000001010101010101010101010101010101010101000000000000
0000000101010101010101010101010101010101010101010101010101010000
0001010101010101010101010101010110010101010101010101010101010101
0101010101010101010101010101010101010101010101011001010101011001
0101010101010101011001010101011001010101010101010101010101010101
0000010101010101010101010101010101010101010101010101010101010100
0000000000010101010101010101010101010101010101010101010100000000
0000000000000000000001010101010101010101010100000000000000000000
0000000000000001010101010101010101010101010101010101000000000000
0000000101010101010101010101010101010101010101010101010101010000
0001010101010101010101010101010101010101010101010101010101010100
0101010101010101100101010101010101010101010101010101010101010101
0101010101010101010101010101010101010101010101010101010101010101
0000010101010101010101010101010101010101010101010101010101010100
0000000001100101010101010101010101010101010101010101010100000000
0000000000000000000001010110010101010101010100000000000000000000
0000000000000101010101011001010101010101010101100100000000000000
0000000101010101010101010101010101010101010101100101100101000000
0001010101010101010101010101010101010101010101010101010101010100
0101010101010101010101010101010101010101010101010101010101010101
0101010101010101010101100101010101010101010101010101010101010100
0000010101010101010101010101100101010101010101010101011010010000
0000000000010101010101010101010101010101010101010101010000000000
0000000000000000000000000101010101010101000000000000000000000000
0000000000000101010101010101010101010101010101010100000000000000
0000000101010101011010010101010101010101010101010101010101000000
0001010101010101010101010101010101010101010110100101010110101000
0101010101010101010101010101010101010101010101010101100101010101
0101010101010101010101010101010101010101010101010101010101010100
0000010101010101010101100101010101010101010101010101010101010000
0000000000010101010101010101010101011001010101010101010000000000
0000000000000000000000000110010101010101000000000000000000000000
0000000000000101010101010101010101010101010101010100000000000000
0000000101010101010101010101010101010101010101010101010101000000
0001010101010101010101010110011010010101010101010101010101010100
0101010101011001010101010110010101010101010101010101010101010101
0110010101010101010101010101010101010101010110100101010101010100
0000010101010101010101010101010101010101010101010101010101010000
0000000000010101010101010101010101010101100101010101010000000000
0000000000000000000000000101010101010101000000000000000000000000
0000000000000101010101010101010101010101010101010101000000000000
0000000101010101010101010101011001010101010101010101010110010000
0001010101010101010101010101010101010101010101010101010101010100
0101010101010101010101010101010101010101010101010101010101010101
0001010101010101010101010101010101010101010101010101010101010101
0000100101010101010101010101010101010101010101011001010101010000
0000000000010101010101010101010101010101010101010101010000000000
0000000000000000000000001001010101010101000000000000000000000000
0000000000000101010101010101010101010101011001010101000000000000
0000000101010101010101010101010101010101010110010101010101010000
0001010101010101010101010101010101010101010101010101010101010100
0101010101010101010101010101010110010101010101010101010101011001
0001010101010101010101010101010101010101010101010101010101010101
0000010101010101010101010101010101010101010101010110010101010000
0000000000010101011001010101010101010101010101010101010000000000
0000000000000000000000001001010110010101000000000000000000000000
0000000000001001010101010101010101010101010101010101000000000000
0000011001010101010110100101010101010101010101010101100101000000
0001010101010101010101010101010101010101010101010101010101010100
1001010110010101010101010101010101010101010101010101010101010110
0001010101010101010101010101010101010101010101010101010101010100
0000010101010101010101010101100101010101010101010101010110000000
0000000000011001011001010101010101010101010101011001010000000000
0000000000000000000000000101010101010101000000000000000000000000
0000000000000101010101010101010101010101010101010101000000000000
0000000101010101010101010101011001010101010110010101010101000000
0001010101010101010101010101010101010101010101100101010101010100
1001010101011001010101010101010101010101010101010101010101010101
0001010101010101010101010101010101010101010101010101010101011000
0000010101010100010101010101010101011001010110010101010101010000
0000000000010101010101011001010101010101010101010101010000000000
0000000000000000000000000101010101010101000000000000000000000000
0000000000001001010101010101010110010101010101010110000000000000
0000000101010101010101010101010101010101100101010101010101000000
0001010101010101010101010101010101010101010101010101010101010100
0101010101010101010101010101011010010101010101010101010101010101
0001010101010101010101010101010101010101010101010101010101010100
0000010110010101010101010101010101011001010101010110100101010000
0000000000010101010101010101010101010101010101010101100000000000
0000000000000000000000000101010101010110000000000000000000000000
0000000000001001010101010110010101010101010101010101000000000000
0000000101010101010101010101010101010101010101010101010101000000
0001010101011001010101010101010101010101010101010101010101011000
0101010110010101010101010101010101010101010101010101100101011001
0001010101010101100101010101010110010101010101010101010101010100
0000010101010101010101010101010101010101010101010101010101010000
0000000000010101010101010101010101010110010101011001010000000000
0000000000000000000000000101100110101010000000000000000000000000
0000000000000110011001010101010101010101010101010110000000000000
0000000101010101010101010101010101011001010101010101010101000000
0001010101010101010101010101010101010101010101010101010101010100
1001010101010101010101010101010101011001010101010101010101010101
0001100101010101010101010101010101010101010101010101010101010100
0000010101010101010101010101100101010101010101010101010101010000
0000000000010101010101010101010101010101011001010101010000000000
0000000000000000000000000110010101010101000000000000000000000000
0000000000000101010101010101010101010101010101010110000000000000
0000001001010101010101010101010101010101010101010101010101000000
0001010101010101010101010101010101010101100101010101010101010100
1001010101010101010101010101010101010101010101010101010101010110
0001010101010101010101010101011001010101010101010101010101010100
0000010101010101010101010101010101010101010101010101010110010000
0000000000010101010101010101010101010101010101010101010000000000
0000000000000000000000000101010110010101000000000000000000000000
0000000000001001010101010101010101010101010101010101000000000000
0000011001010101010101010101010101010101010101010101010101000000
0001010101010101010101010101010101010101010101010101010101010100
0101010101010101010101010101011010010101010101010101010101010101
0101010101010101010101010101010101011001010101010101010101010100
0000010101010110010101101001010101100101010101010101010101010000
0000000000010101010101010101010101011001010101100101010000000000
0000000000000000000000000101010101010101000000000000000000000000
0000000000000101010101010101010101010110010101010110000000000000
0000000101010101010101010101010101010101100101010101010101000000
0001010101010101010101010101100101010101010101101001010101010100
0101010101010101010101010101010101010101010101010101010101010101
0001010101010101010101010110010101010101010101010101010101010100
0000010101010101010101010101010101010101010101010110010101010000
0000000000010101010101100101010101010101010101010101010000000000
0000000000000000000000000101010101011001000000000000000000000000
0000000000000101010101011001010101010101010101010110000000000000
0000000110010101010101010101010101010101010101010101010110010000
0001010101010101010101010101010101010101100101010101010101010100
0110010101010101010101010101010101010101010101010101010101010101
0001010101010101010101010101010101010101010101010101100101010101
0000010101010101010101010101010101010101010101010101010101010000
0000000000010101010101010101010101010101010101011001010000000000
0000000000000000000000000110010101010101000000000000000000000000
0000000000001001010101010101100101010101010101010110000000000000
0000000101010101010101010101010101010101010101010101010101000000
0001010101010101010101010101010101010101010101010101010101011000
0101010101010101010101010101010101010101010101010101010101010101
0001010101011001010101010101010101010101010101010101010101010101
0000010101010101010101010101010101010101010101010101010101010000
0000000000010101010101010101010101010101010101010101010000000000
0000000000000000000000000110010101010101000000000000000000000000
