0000000000000000000000000001010101010100000000000000000000000000
0000000000010101010101011010101010101010100101010101000000000000
0000010101010101010101010110101001100101010110010101010101010000
0001010101010101011010101010101010101010101001010110100101010100
0101010101010101011010101010101010101010101001011001100101010110
0001010101101010101010101010101010101010010101010101010101010100
0000000101101010101010101010101010101010101010101001010101000000
0000000000000101101010101010101010101010101010010101000000000000
0000000000000000000000000001010101010100000000000000000000000000
0000000000100101011001101010101010101010101001010101000000000000
0000010101011001101010101010101010101010101010100101010101100000
0010010101011010011010101010101010101010101010101010100101011000
0101010110101001010110101010011001101010101010010101010101010110
0001010101011001010110101010101010101010010101010110010101010100
0000000101010110101010101010101010101010101010100101010101000000
0000000000000101011010101010101010101010011001010101000000000000
0000000000000000000000000001101001010100000000000000000000000000
0000000000100101010101010110101010101010100101010101000000000000
0000010101010110011001010110101010101010101010011001010101100000
0001010101100110011010101010101010101010101010101010010101010100
0101010101011001101010101010101010101010101001101001100101010110
0001100101101001101010101010101010101010101010011001100101011000
0000000110101010101010101010101010101010101010101010100101000000
0000000000000101101010101010101010101010101010101010000000000000
0000000000000000000000000001011010010100000000000000000000000000
0000000000010101010101101010101010101010101001010101000000000000
0000010110010101011010101010101010101001010101010101010101100000
0001010101010110011010101010101010101010101001010101010101011000
0101010110101010011010101010101010101010100101010101010110010101
0001010110101010010101101010101010101010010101010101010101011000
0000000101011010101010101010101010101010101010100101010101000000
0000000000000101010101101010101010101010010101010101000000000000
0000000000000000000000000001011001010100000000000000000000000000
0000000000010101010101011010101010101010100110010101000000000000
0000010101010101010101010110101001100101010110011001010101010000
0001010101010101011010101010101010101010101001010110100101010100
0101010101010101011010101010101010101010101001011001100110010110
0001011010101010101010101010101010101010100101010101010101010100
0000000101101010101010101010101010101010101010101001010101000000
0000000000000101101010101010101010101010101010010101000000000000
0000000000000000000000000001100110011001000000000000000000000000
0000000001011010101001010110100110101010101001011010100100000000
0000010101101010010101010101011001011010100101011010011010010000
0110100101010110100101101010010101011010011010100101101001010101
1001011010011001100110100101100110011010101001100110010110101010
0010101001011010100101011010010110101010100110101001101010100101
0000101001101010100101101010100110010110100101101010101010010000
0000000000000110101010101010010110101010101010101001000000000000
0000000000000000000000000001101010101001000000000000000000000000
0000000001011010100101010101101001101010101001101010100100000000
0000010101101010100110101001010110011001010101101001101010010000
0101011010011010100101101001010101101010101010101001101001101001
1010101010010110101001011010010110101001011010101001101010101001
0001101010011010100101010110010101101010100101011010101010101000
0000010101011001101001011010010101101001010110011010010110010000
0000000000000110100110100101011010101010010110101001000000000000
0000000000000000000000000001101010101001000000000000000000000000
0000000001011010010110100101101010101001011010101010100100000000
0000001010100101010110101001100110010110101010101010011010010000
0110010110101010010101100101011010100110101010101001011010100101
1001100101101001010101010101100101010101010110101010101010010110
0010101010101010010110010101011010011010101010100101100101100101
0000011010100110011001010110100101101010101010100110010110010000
0000000000001010101001101010100110011010101010101001000000000000
0000000000000000000000000001100101011001000000000000000000000000
0000000101011001011001011010010110010110010110010101100100000000
0000011001011001010110100101100110010110100101010101101010010000
0101010101101010011010100101100101100101011010101010011010100100
1001010101010110011010101001011001011010010110100110100101101010
0001011010010101011010101010101010011010101010100101101010011001
0000010101010101100110100101100110011010010110101010010110100000
0000000000000101101001011010010101011010010101101001000000000000
0000000000000000000000000001101001010100000000000000000000000000
0000000001011001010101101010100101010101010101010110100100000000
0000011001010101101001010101101001100101011010010110101010010000
0110010110010101010110101001011001100101010101101010101001010101
1001010101101001101010100101101010011001011010101010011010011001
0001011010101010101010010110101010100110100110011010101001011001
0000101001011010100110101001010110010110101010101010010110100000
0000000000000110010110101010010110010110100110101001000000000000
0000000000000000000000000000010101011001000000000000000000000000
0000000101011010010101010110011001101001011010101001100100000000
0000011001011010101001010101010110010101011010011010100101100000
0001010110100110101001101010101010100110100110101001100101100100
1010011010010101101010010110101001011001011010100101100101101001
0001010110101010011001010101010101010101101010100101101010100101
0000101001010110011001011010011010010101010110101001101010010000
0000000000000110101010101010101010011010100110101001000000000000
0000000000000000000000000001011001100110010000000000000000000000
0000000000011001010110010101011010010101010101100101010100000000
0000010101010101010110010101100101011001010101100101010110100100
0001011010011001011010101010100110101010100101011001100101010110
0110101001011001101010101010101010101001011001011001010101010101
0010010110101010101010101010101010101010100110101001010101100110
0000011010101010101010101010101010101010101010100110100101010000
0000000000000110101010101010101010101010101010101001000000000000
0000000000000000000000000001101010100100000000000000000000000000
0000000000011010011010101010101001101010101010101010010000000000
0000000110100101010101010110100110010101010101011010101010010000
0001100101010101010101010110101010100101010101011001011010100100
1001010101010101100101010110100110101001101001010101011010101010
0001101010100101010110101010101010010110100101100110101010100100
0000011001011010010101011001010101010101011010101010101010010000
0000000000000110101010100110101010010101011010101001000000000000
0000000000000000000000000000001010000000000000000000000000000000
0000000000011010101010101010101010101010101010101010010000000000
0000010101010101010101010101100110101010101010101010101010010000
0001010101010101011001010101010110010101100101101010101010101000
0101010101100101100101010101010110010101010101010101010110101010
0001010101010101010101010101010101010101010110100101101010101000
0000011001010101010110010101010101010101011010101010101010010000
0000000000010110010101101010101010101010101010101010010000000000
0000000000000000000000101010101010101010000000000000000000000000
0000000001101010101010101010101010101001010101010110010000000000
0000010110011010101010101010101010100101010101011001011010100000
0101101010011010101010101010101010100101010110011010101010101000
1010101010101010101010101010011010010101011001010101101010101001
0001101010011001100110011010100101010101011001010101100110101000
0000101001011010100101101010100110100101010101010101101001000000
0000000000000101101010100110100110100101010101100101000000000000
0000000000000000000000100101100110100101000000000000000000000000
0000000001100101011010010110100101100101100101101010100000000000
0000101010011001010110011010010110101001101001101010010101010000
0110010110011001011010101010010110101010101010101010011010101000
0110011010100101101010100110101001101010100110101001100101100110
0001100110101010101010101010101010100101101001100101010101011000
0000010110010110010110100110011001101010011010010110100101000000
0000000000000110101010100101010110010110011001101010000000000000
0000000000000000000000000110010110010101000000000000000000000000
0000000000011001011010101010101001101010011001010101100000000000
0010101001101010101010101010101010010110010101101010100110100100
1010101001101010101010101010101001101010100101101001010101010101
1001101010101001101001101010010110101010100101011010100101101001
1010101010101001011010101010101010101010011010101010010101011010
0000011010011010100101100101010110101010101001010101101001010000
0000000000001010010101100101101010101001011001101010000000000000
0000000000000000000000000000011010010000000000000000000000000000
0000000000000110100101101010011010011010101010011010000000000000
0000011010101001101001011010101010100110100101101010010110010000
0010101010100110010101010110010101101001101010101001011010101000
1010101010011010100101101010101010101001010101011001010101011010
0001010110100110101010100101100101011001100110100110011010100100
0000000001010110100101101001010101101010100101011001011010000000
0000000000000101010101010101100101101001100101010101000000000000
0000000000000000000000101010101010010110000000000000000000000000
0000000001011001101001100101011010100110101001010110010000000000
0000011010100110010110011001011001100110101010100101011001010000
0110101001100101011001100110010101011010010101010110010110011000
0101101010101001101010101010101010010110101010010101101010011001
0010011010101001100101100110011010101001010101100110101001011000
0000011001010101010110010110011001011010101001101010010110000000
0000000000000110101010101010010110010101101010100110000000000000
0000000000000000000000101001011010011001000000000000000000000000
0000000001101001100101100101010110101001010110011001100000000000
0000010101010101101001100110010110101001100110011010011010010000
0110011001010101010101101010010101100101101010010110101001101000
0101101001100101101001011010011001100110101010100110011001011010
0001101001100110011010101001101010101001101010100110101010100100
0000010110100101010110010110100110101001011001100101101010000000
0000000000001010101001010101011001101001010110101010000000000000
0000000000000000000000011001101001100101000000000000000000000000
0000000001100101011001100110100101010101100110010101010000000000
0000101001100101011001101010100110011010101010101010100101010000
0101100101101010100110011001100110100110101001011001101001100100
0110010110100101101010100110101001100110101010011010100110011001
0010100110011010101001101010011010101001010101011001011001011000
0000010101010101100110101001011001010110100101010101011001000000
0000000000000101010110011010010110010110011010100101000000000000
0000000000000000000000000001011001100100000000000000000000000000
0000000000000101010101010101010101010101010101010101010100000000
0000011001010101010101010101010101010101010101010101010101010000
0001010101010101010101010101010101010101010101010101010101100101
0101010101010101010101010101010101010101010101010101010101010101
0001100101010101010101010101010101010101010101010101010101010101
0000010101010101010101010101010101010101010101010101010101010000
0000000000000101010101010101010101010101010101010101010000000000
0000000000000000000000000001010110010100000000000000000000000000
0000000000000101010101010101010101010101010101010101010000000000
0000010101010101010101010101010101010101010101010101010101010000
0001010101010101010101010101010101010101010101010101010101010101
0101010101011001010101010101010110010101010101010101010101010101
0001010101010101010110011001010101010101010101010101010101011001
0000010101010101010101010101010101010101010101010101010101010000
0000000000000101010101010101010101010101010101010101010000000000
0000000000000000000000000001010101101000000000000000000000000000
0000000000000101010101010101010101010101010101010101010000000000
0000010101010101010101011001010101010101010101010101010101010000
0001010101010101010101010101010101010101010101010101010101010110
1001010101010101010101010101010101010101010101010101010101010101
0001010101010101010101010101010101010101010101010101010101010101
0000010101010101010101010101010101010101010101010101010101010000
0000000000000101010101010101010101010101010101010101010100000000
0000000000000000000000000001011001011000000000000000000000000000
0000000000000101010101010101010101010101100101010101010000000000
0000010101010101010101010101010101010101010101010101010101010000
0001010101010101010101010101010101010101010101010101010101010101
0101010101010101010101010101011010010101010101010101010101010101
0001010101010110010101010101010101010101010101010101010101010101
0000010101010101010101010101010101010101010101010101010101010000
0000000000000101010101010101010110011001010101010101010000000000
0000000000000000000000000001010101010100000000000000000000000000
0000000000000101010101010101010110010101010101010101010000000000
0000010101010101010101010101010101010101010101010101010101010000
0001010101010101010101010101010101010101010101010101010101010110
0101010101010101010101010101010101010101010101010101010101010101
0001010101010101010101010101010101010101010101010101010101010101
0000010101010101010101010101010101010101010101010101010101010000
0000000000000101010101010101100101010101010101010101010000000000
0000000000000000000000000001010110011000000000000000000000000000
0000000000000101010101010101010101010101010101010101010000000000
0000010101010101010110010101010101010101010101010101010101010000
0001010101010101010101010101010101010101010101010101010101010101
0101010101010101010101010101010101010101010101010101010101011001
0001010101010101010101010101010101011010010101010101010101010110
0000010101010101010101010101010101010101010101010101010110010000
0000000000011001011001010101100101010101010101010101010000000000
0000000000000000000000000000010101010000000000000000000000000000
0000000000010101010101010101010101010101010101101001010000000000
0000010101010101010101010101010101010101010101010101010101010000
0001010101010101010101010101010101010101010101010101010101010100
0101010101010101010101010101010101010101010101010101010101010101
0001010101010101010101010101010101011001010101010101010101010100
0000010101010101010101010101011010010101010101010101010101000000
0000000000000101010101010101010101010101011010010101000000000000
0000000000000000000000000000011010010000000000000000000000000000
0000000000010101010101010101010101010101010101010101010000000000
0000010101010101010101010101010101010101010101010101010101010000
0001010101010101010101010101010101010101010101010101010101010100
0101010101010101010101010101010101010101010101010101010101010101
0001010101010101010101010101010101010101010101011001010101010100
0000010101010101010101010101010101010101010101010101010101000000
0000000000000101010101010101010101010101010101010101000000000000
0000000000000000000000000000011010100000000000000000000000000000
0000000000010101010101010101010101010101010101010101010000000000
0000011001010101010101010101010101100101010101010101010101010000
0001010101010101010101010101010101010101100101010101010101010100
0101010101010101010101010110010101010101010101010101010101010101
0001010101010101010101010101010101010101010101010101010101010100
0000010101010101010101010101010101010101010101010101010101000000
0000000000000101010101010101010101010101010101010101000000000000
0000000000000000000000000001010101010100000000000000000000000000
0000000000010101010101010101010101010101010101010110010000000000
0000000101010101010101010101010101010101010101010101010101010000
0010010101010101010101010101010101010101010101010101010101011000
0101010101010101010101010101010101010101010101010101010101010101
0001010110010101010101010101010101010101010101010101010101010100
0000010101100101010101010101010101010101010101010101010101000000
0000000000000101010110010101010101010101010101010101000000000000
0000000000000000000000000001010110010100000000000000000000000000
0000000000010101010101010101010101010101010101010101010000000000
0000000101010101010101010101010101010101010101010101010101100000
0101010101010101010101010101010101010101010101010101010101010100
1001010101010101010101010101010110010101010101010101010101010101
0001010101010101010101100101010101010101010101010101010101011000
0000000101010101010101010101010101010101010101011001100101000000
0000000000000101010101010101010101010101010101010101000000000000
0000000000000000000000000101100101100110000000000000000000000000
0000000000010101010101100101010101010101010101010101010000000000
0000010101010101010101010101010101010101100101010101010101010000
0001010101010110010101010101010101010101010101010101010101010100
1001010101010101010101010101011010010101010101010101010101010101
0001010101010101010101010101010101010101010101010101010101011000
0000000101010101010101010101010101010101010101100101010101000000
0000000000000101010101010101010101010101010101010101000000000000
0000000000000000000000000101010101010101000000000000000000000000
0000000000010101010101010101100101100101010101010101010000000000
0000010101010101010101010101010101010101010101010110010101010000
0001010101010101010101010101010101010101010101010101010101010100
1001010101010110010101010101010101010101010101010101010101010101
0001010101010101010101011001010101010101010101010101010101010100
0000000101010101010101010101010101010101010101010101010101000000
0000000000001001010101010101010110010101010101100101000000000000
0000000000000000000000001001101001100101000000000000000000000000
0000000000010101010101010101010101010101010110010110010000000000
0000010101010101010101010101010101010101010101011001010101010000
0001010101010101010101010101010101010101010101010101010101010100
0101010101010101010101100101010101010101010101010101010101010101
0001010101010101010101010101010101010101011001010101010101010100
0000000101010101100101010101010101010101010101010101010101000000
0000000000000101010101010101010101010101010101010101000000000000
0000000000000000000000001001010101010101000000000000000000000000
0000000000010101010101010101010101010101010101010101010000000000
0000010101010101010101010101010101100101010101010101011001010000
0101010101010110010101010101010101010101010101010101010101010100
0101010101010101010101010101010101010101010101010101010101011001
0001010101010110100101010101010101010101010101010101010101010100
0000011001010110010101010101011001010101010101010101010101000000
0000000000001001010101010101010101010101010101010110000000000000
0000000000000000000000001001010101010101000000000000000000000000
0000000000010101010101010101010101010101010101010101010000000000
0000010101010101010101010101010101010101010101010101010101010000
0001010101010101010101010101010101010101010101010101010101010100
0101010101010101010101011001010101010101010101010101010101011001
0001010101010101010101010101010101010101010101010101010110010100
0000000101010101010101011001010101010101010101010101010101000000
0000000000001001010101011001010101010101010101010101000000000000
0000000000000000000000000101010101010110000000000000000000000000
0000000000010101010101010101010101010101010101010101010000000000
0000010101010101010101010101010101010101010101010101010101010000
0001010101011001010101010101010101010101010101010101100101010101
0101010101010101010101010101010101010101010101010101010101010110
0001011001010101010101010101010101010101010101010101010101010100
0000000101010101010101010110010101100101010101010101100101010000
0000000000000101010101010101010101010101100101010101000000000000
0000000000000000000000001001010101010110000000000000000000000000
0000000000010101010101010101010101010101010101100101010000000000
0000010101010101010101010101010101010101010101010101010101010000
0001010101010101010101010101010110010101010101010101010101010100
0101010101010101010101010101010110010101010101010101010101010101
0001010101010101010101011001010101010101010101010101010101010100
0000000101010101010101010101010101010101010101100101010101000000
0000000000000101010110010110010101010110010101010101000000000000
0000000000000000000000000101011001010101000000000000000000000000
0000000000010101010101010101010101010101010101010101010000000000
0000010101010101010101010101010101010101010101010101010101010000
0001010101010101010101010101011001010101010101011001010101010101
0101010101010101010101010101010101010101010101010101010101010101
0001010101010101100101010101010101010101010101010101010101010100
0000001001010101010110010101010101010101010101010101010101000000
0000000000000101010101010101010101010101010110100101000000000000
0000000000000000000000000101100101010101000000000000000000000000
0000000000011001010101010101010101010101010101010101010000000000
0000010101010101100101010101010101010101100101100101010101010000
0001010101010101010101010101011001010110010101010101010101010100
1001010101010101010101010101010101010101010101010101010101011001
0001010101010101010101010101010101010101010101010101100101010100
0000000101010101010101010101010110010101010110010101100101000000
0000000000000101010101010101010101010101010101010110000000000000
0000000000000000000000000101010101101001000000000000000000000000
0000000000010101010101010101010101010101010101010101010000000000
0000010101010101010101010101010101010101010101010110100101010000
0001010101010101010101010101010101010101010101010110010101011000
0101010101010101010101010101011001010101010101010101010101010101
0001010101010101010101100101010101010101010101010101010101010100
0000000101010101010101010101010101010101010101010101010101000000
0000000000001001010101010101011001010101010101010110000000000000
